1295878707.9873211 0.23922233112348001 0.0006116715914673257 0.0 0.0 0.0 0.006543901824804929 0.9999785884452264
1295878715.1523101 0.20794623343315466 0.0014648819755666564 0.0 0.0 0.0 0.9613756250465287 0.2752397274493569
1295878715.6532981 0.1392667469826212 0.08385128177272563 0.0 0.0 0.0 0.9649404272874184 0.26246899204739316
1295878716.154297 0.07862543906411124 0.17727354590190525 0.0 0.0 0.0 0.9912343636724598 0.13211523861710212
1295878716.6552923 0.012007501616638216 0.23296117872559471 0.0 0.0 0.0 0.9977860243446126 0.06650601192803714
1295878717.1563022 -0.05721316698021295 0.25253800728925546 0.0 0.0 0.0 0.9982228869329972 0.05959083824844744
1295878717.7572873 -0.14440868842314203 0.30248942599746337 0.0 0.0 0.0 0.9994586466026283 0.03290005670576775
1295878718.2582853 -0.19358694238742857 0.3395062167506878 0.0 0.0 0.0 0.9999995066906064 0.0009932867379926328
1295878718.7592812 -0.25451250942031584 0.3712436340109647 0.0 0.0 0.0 0.9997480735810566 -0.02244525274899563
1295878719.2602801 -0.3281415356290491 0.3865357212777533 0.0 0.0 0.0 0.9993434377851558 -0.036231110330027294
1295878719.7612731 -0.43030131413638767 0.39323480306560477 0.0 0.0 0.0 0.9987887604306066 -0.04920378072356288
1295878720.2622771 -0.49467885195727684 0.4203366422282964 0.0 0.0 0.0 0.9947000755598966 -0.10281906282949739
1295878721.1142793 -0.5719137173026245 0.4302542775454 0.0 0.0 0.0 0.9904490094387033 -0.13787951153776049
1295878721.6152763 -0.6578136141044512 0.43768193978328496 0.0 0.0 0.0 0.9876978113313942 -0.15637465744542342
1295878722.116274 -0.9652631319135997 0.481783976259271 0.0 0.0 0.0 0.9828075704673128 -0.18463282327944294
1295878722.6172721 -1.140577954383469 0.4244450572743207 0.0 0.0 0.0 0.9808675520395651 -0.19467625781258258
1295878726.9752471 -1.4214865863536814 0.2987341993757414 0.0 0.0 0.0 0.9783091258723345 -0.20715031796960603
1295878727.4762423 -1.4363376560957433 0.2986977763879402 0.0 0.0 0.0 0.9707520988592934 -0.24008407394135226
1295878727.9772403 -1.455444328961781 0.29620119903181574 0.0 0.0 0.0 0.9624719159975393 -0.27138130170670505
1295878728.4782412 -1.4787697044482464 0.29202262283170843 0.0 0.0 0.0 0.9542850582705653 -0.2988980220100893
1295878728.9792402 -1.4980398406790083 0.2866240007283621 0.0 0.0 0.0 0.9459717402798375 -0.32424908109651684
1295878729.4802382 -1.548618186545597 0.26703695248065784 0.0 0.0 0.0 0.9580821533843316 -0.2864936078980508
1295878731.2843041 -1.650253354429253 0.17945626584565855 0.0 0.0 0.0 0.9819626159088218 -0.18907517276867333
1295878732.8872302 -1.9182853752663203 0.267657202646977 0.0 0.0 0.0 0.9783660088370296 -0.20688149446555495
1295878733.4382553 -2.0363380704810505 0.2597928596198327 0.0 0.0 0.0 0.9763047605234277 -0.21640012610738574
1295878733.9392512 -2.2182015524881624 0.21535539832179415 0.0 0.0 0.0 0.9751205348171094 -0.2216753089047012
1295878734.4402273 -2.278824244313424 0.189331663663992 0.0 0.0 0.0 0.9734935217464195 -0.22871458877333004
1295878734.9412272 -2.37226753654961 0.14317440466347245 0.0 0.0 0.0 0.9719072315831292 -0.23536425641209344
1295878735.4422243 -2.47203304518469 0.09265870368628562 0.0 0.0 0.0 0.9700406056711615 -0.24294283967453395
1295878736.0932262 -2.6378035161775872 0.010509416242625427 0.0 0.0 0.0 0.9679610705262601 -0.25110031052481113
1295878741.9041932 -2.6959367199591253 -0.017562894725936667 0.0 0.0 0.0 0.9666423975052596 -0.2561298017515412
1295878742.4051952 -2.8633604072459855 -0.10525128145114895 0.0 0.0 0.0 0.9643164141306184 -0.26475243802138215
1295878743.2572021 -3.1766197337980557 -0.30906080673331676 0.0 0.0 0.0 0.9612667388352675 -0.2756197685381253
1295878747.4141693 -3.199843741733609 -0.35509996012355005 0.0 0.0 0.0 0.9573400969173044 -0.2889635596997762
1295878747.9151652 -3.3009991025702794 -0.6148874375967497 0.0 0.0 0.0 0.9471066933704808 -0.3209188548104242
1295878748.4661672 -3.420994736908653 -0.9740803619381366 0.0 0.0 0.0 0.9458314941796916 -0.32465795018420857
1295878749.0171702 -3.618118246972814 -1.208824362166903 0.0 0.0 0.0 0.9522434447805721 -0.3053398465193
1295878749.5181663 -3.814684540071005 -1.3652261979413123 0.0 0.0 0.0 0.9504269382440637 -0.310947961980803
1295878750.0191603 -4.019088593075042 -1.503219621196502 0.0 0.0 0.0 0.9486462874992184 -0.31633877602018734
1295878750.5201602 -4.217512563105574 -1.6737756829976096 0.0 0.0 0.0 0.9458198368570282 -0.32469190967399336
1295878751.0211713 -4.353899352786538 -1.757221547070343 0.0 0.0 0.0 0.9427890177256951 -0.3333899639398567
1295878751.5221863 -4.556429833771324 -1.9333017741224525 0.0 0.0 0.0 0.940451517752648 -0.33992784933973985
1295878752.0231583 -4.751984443078156 -2.084219079936888 0.0 0.0 0.0 0.9364408548913806 -0.3508254912207781
1295878752.5241563 -4.951450983785123 -2.2627115180279107 0.0 0.0 0.0 0.9271991215103212 -0.3745688041875464
1295878753.0251563 -5.1369374923072675 -2.472591388275795 0.0 0.0 0.0 0.8980940513844394 -0.43980345026828055
1295878753.5261552 -5.299957520355812 -2.683663922795488 0.0 0.0 0.0 0.8929961072284117 -0.450064387032459
1295878754.0771532 -5.472559563500544 -2.9302821572383384 0.0 0.0 0.0 0.8899057350352158 -0.4561444757436314
1295878754.5781512 -5.6079029820290875 -3.127714408552153 0.0 0.0 0.0 0.8863294075487828 -0.46305526809898595
1295878755.0791512 -5.760416433974526 -3.328128850865757 0.0 0.0 0.0 0.9090079252491507 -0.41677882843809905
1295878755.7301471 -6.010120476230458 -3.58910210599161 0.0 0.0 0.0 0.9457045020455499 -0.3250276831452647
1295878756.4811401 -6.34814933528094 -3.809612088291136 0.0 0.0 0.0 0.9767890587246381 -0.2142034891308631
1295878756.9821372 -6.586689422839173 -3.9174143703825135 0.0 0.0 0.0 0.9888601754991048 -0.14884741620827616
1295878757.5331352 -6.881692134562115 -3.983181054039549 0.0 0.0 0.0 0.9992127140096052 -0.03967306594603949
1295878758.0341382 -7.146110721012313 -3.9817742801826186 0.0 0.0 0.0 0.998984391944968 0.0450575703999073
1295878758.5351343 -7.412077493669638 -3.967981358964615 0.0 0.0 0.0 0.9988992423525905 0.046907394165747025
1295878759.0361342 -7.666153591006977 -3.9545182145482802 0.0 0.0 0.0 0.9991872592419014 0.04030906806981766
1295878759.5371363 -7.941784959874695 -3.9211804307610585 0.0 0.0 0.0 0.996185606802933 0.08725959430728578
1295878760.0871222 -8.235287967961817 -3.848806358967014 0.0 0.0 0.0 0.9858236087885099 0.16778501826801728
1295878760.6891313 -8.540161934336139 -3.7416758836316513 0.0 0.0 0.0 0.9737681262776624 0.2275426031443131
1295878761.2901282 -8.831207431185534 -3.597563784759379 0.0 0.0 0.0 0.9613685514258284 0.2752644334624512
1295878761.8411212 -9.080876050409787 -3.426859142560061 0.0 0.0 0.0 0.9413452995303894 0.3374448503860172
1295878762.4921193 -9.360229928253446 -3.215793719253426 0.0 0.0 0.0 0.9415296819257964 0.33693004919821057
1295878763.2431102 -9.69239404022479 -2.965569167643554 0.0 0.0 0.0 0.9465322996721847 0.3226090601289517
1295878763.8941112 -9.971352266387798 -2.765571310233945 0.0 0.0 0.0 0.9509639208531178 0.3093018286975769
1295878764.4451032 -10.1939288542814 -2.5949376130595447 0.0 0.0 0.0 0.9227696732152816 0.3853519562609776
1295878765.0461743 -10.43874152424466 -2.3650385407029235 0.0 0.0 0.0 0.9213982688951655 0.38861964705479346
1295878765.5471013 -10.615354052227328 -2.1963495019304995 0.0 0.0 0.0 0.9259861540747142 0.377557469085065
1295878766.0480993 -10.807529380838641 -2.019760666051375 0.0 0.0 0.0 0.9291757059519089 0.3696383468591588
1295878766.5991013 -11.023080797814826 -1.829688822683603 0.0 0.0 0.0 0.9139286383219147 0.4058749118325139
1295878767.1000962 -11.202264636067763 -1.6536486418460115 0.0 0.0 0.0 0.917138079163052 0.3985696222106089
1295878767.6011171 -11.396355884579732 -1.458919436198756 0.0 0.0 0.0 0.9186424352056621 0.3950899596793253
1295878768.1021023 -11.590168021643885 -1.265487547955062 0.0 0.0 0.0 0.9191866734031129 0.3938221164918487
1295878768.7030993 -11.825180521356508 -1.0359499027752412 0.0 0.0 0.0 0.9254078811187642 0.37897262904236145
1295878769.6040843 -12.151617679017942 -0.7408820384503461 0.0 0.0 0.0 0.9294439389975392 0.36896336438830707
1295878770.1050842 -12.21585151645453 -0.6789250557001778 0.0 0.0 0.0 0.9321787083067677 0.36199841958153084
1295878770.6060872 -12.400534681169356 -0.5123060646145647 0.0 0.0 0.0 0.9365450110812186 0.35054734661509024
1295878771.1070833 -12.613460631107053 -0.34035775299710513 0.0 0.0 0.0 0.9401047899773192 0.3408855876415144
1295878771.6080842 -12.83199861772742 -0.1703407992720833 0.0 0.0 0.0 0.9446249390388832 0.3281519839126163
1295878772.1090841 -13.032622508964128 -0.014090125905750012 0.0 0.0 0.0 0.9437014919052544 0.33079826809673146
1295878772.6100843 -13.224617447904325 0.16182410508256623 0.0 0.0 0.0 0.8938207907131235 0.44842434600383474
1295878773.1600702 -13.414957664872347 0.3996302238968057 0.0 0.0 0.0 0.8859002033265285 0.4638758775211482
1295878773.6610672 -13.568318328718489 0.5994399139156561 0.0 0.0 0.0 0.8893088740561645 0.45730703747587026
1295878774.1620693 -13.72386654883457 0.8055326000487534 0.0 0.0 0.0 0.8938317041252857 0.44840259220982176
1295878774.6630683 -13.8955285713898 1.0081318713569734 0.0 0.0 0.0 0.8981545383047159 0.4396799123483385
1295878775.1640713 -14.070936254965511 1.2093685828460314 0.0 0.0 0.0 0.899710358550628 0.436487423320192
1295878775.6650712 -14.218631988736153 1.4416671276028554 0.0 0.0 0.0 0.8572910833568514 0.5148320098797626
1295878776.1660693 -14.327258212242977 1.6872280691868555 0.0 0.0 0.0 0.7963101772705228 0.6048885034247129
1295878776.8670673 -14.374048597204911 2.0602204835764533 0.0 0.0 0.0 0.6551365410056121 0.755510498033748
1295878777.3680673 -14.31385760878065 2.3219819988618298 0.0 0.0 0.0 0.5436632188005646 0.8393034639052847
1295878778.0690603 -14.136159171170005 2.6531169436474458 0.0 0.0 0.0 0.4453664051807318 0.8953484043300642
1295878778.5700862 -13.982231251407425 2.875183523508345 0.0 0.0 0.0 0.4344463785936939 0.900697698524219
1295878779.1200483 -13.789870037837488 3.1106597425821745 0.0 0.0 0.0 0.39079832339801956 0.9204763280113709
1295878779.7210422 -13.560737901436033 3.325127307632525 0.0 0.0 0.0 0.3259474513635041 0.9453878880912512
1295878780.2220411 -13.34497601445769 3.48145185708158 0.0 0.0 0.0 0.29364574022678164 0.9559143158498389
1295878780.7230413 -13.145502029051155 3.642084526955525 0.0 0.0 0.0 0.30141307737556194 0.9534936584933292
1295878781.2241051 -12.938573864066997 3.797526951262675 0.0 0.0 0.0 0.30785805407840106 0.9514322984527382
1295878781.7250402 -12.723346758250761 3.964306006642045 0.0 0.0 0.0 0.31128818261639235 0.9503155619915858
1295878782.2260423 -12.509383577233754 4.124189296363709 0.0 0.0 0.0 0.32110580266605704 0.9470433271472786
1295878782.727044 -12.309330459019426 4.287874332147913 0.0 0.0 0.0 0.3337028285864602 0.942678323816452
1295878783.2770333 -12.09270476254257 4.475701457701391 0.0 0.0 0.0 0.3435583683144377 0.9391313260461079
1295878783.7780342 -11.899192836771272 4.660668014905291 0.0 0.0 0.0 0.3497397622105368 0.9368468918286046
1295878784.2790272 -11.696374526848025 4.8259100154291446 0.0 0.0 0.0 0.3449748041332826 0.9386119456480422
1295878784.7800202 -11.485385685415068 5.011700982989011 0.0 0.0 0.0 0.3023288315264919 0.9532036915727016
1295878785.2810402 -11.257970163831404 5.161159129202031 0.0 0.0 0.0 0.23411051086237852 0.9722099920818321
1295878785.7820282 -11.012387656229594 5.284464763101557 0.0 0.0 0.0 0.15405512296781135 0.9880622546618065
1295878786.3320172 -10.727911727762667 5.346754484172708 0.0 0.0 0.0 0.05828034278817666 0.9983002562578519
1295878786.8330183 -10.462928323335728 5.373279702155726 0.0 0.0 0.0 -0.04477162857448433 0.9989972478814886
1295878787.3340182 -10.196214326097538 5.330683716182129 0.0 0.0 0.0 -0.1662288271637874 0.9860872055856681
1295878787.8350182 -9.967739891980488 5.227581464058194 0.0 0.0 0.0 -0.27820729340676825 0.9605210574970652
1295878788.3860192 -9.699565098993107 5.1088145316621585 0.0 0.0 0.0 -0.39527876347795327 0.9185612114297774
1295878788.88702 -9.529933442683783 4.899747160000112 0.0 0.0 0.0 -0.49790105251730293 0.8672338449934723
1295878789.4370072 -9.384692767232208 4.663559549979457 0.0 0.0 0.0 -0.5122397546321972 0.8588424964883529
1295878789.9380083 -9.249702202423096 4.435944039466062 0.0 0.0 0.0 -0.5092973176290845 0.8605906357007491
1295878790.4390192 -9.117130303445574 4.203044372686636 0.0 0.0 0.0 -0.5083151606912893 0.8611711197035051
1295878790.9400063 -8.991500901205963 3.964291441355056 0.0 0.0 0.0 -0.5351811997630399 0.8447372866283299
1295878791.4410083 -8.876598337751755 3.7176910799002676 0.0 0.0 0.0 -0.5830310524974723 0.8124498703450508
1295878791.9920073 -8.749109428626387 3.4676363633979754 0.0 0.0 0.0 -0.5839459554332084 0.8117925357708072
1295878792.5419922 -8.62677153081506 3.19441673547628 0.0 0.0 0.0 -0.5779233057124569 0.8160910811388555
1295878793.0429943 -8.532461592903099 2.947283162183688 0.0 0.0 0.0 -0.5704891127885076 0.8213051638640667
1295878793.5439942 -8.431909917658313 2.6985582136267894 0.0 0.0 0.0 -0.5632893520971072 0.8262597084537169
1295878794.0449953 -8.334233824652078 2.4514939229179853 0.0 0.0 0.0 -0.5570414626505755 0.8304846831146903
1295878794.5459962 -8.221405283990453 2.205170414796321 0.0 0.0 0.0 -0.5510507409229843 0.8344717376449786
1295878795.0969982 -8.093348860430664 1.9377250532331898 0.0 0.0 0.0 -0.5402166938208651 0.8415259495210197
1295878795.6469831 -7.959120488652751 1.6718358859842295 0.0 0.0 0.0 -0.5296468425218338 0.8482182633064745
1295878796.1479802 -7.82864466078186 1.4380275215810192 0.0 0.0 0.0 -0.48020981045500755 0.8771536569739453
1295878796.6489842 -7.670262530336801 1.224669207796707 0.0 0.0 0.0 -0.40945948514789277 0.9123283016669068
1295878797.1499853 -7.470969961853974 1.0381148910235558 0.0 0.0 0.0 -0.34693439196458425 0.937889400554332
1295878797.6509862 -7.251322663079925 0.8746361596120433 0.0 0.0 0.0 -0.3006695277020115 0.9537283864452444
1295878798.2009711 -6.970590059862964 0.6862828649180669 0.0 0.0 0.0 -0.26585346526931153 0.9640134516718628
1295878799.1529732 -6.664032031232382 0.5384098644945142 0.0 0.0 0.0 -0.14431094715027068 0.9895323898350128
1295878800.2049813 -6.334399278904973 0.4517439655985807 0.0 0.0 0.0 -0.12284963523398382 0.9924252954872105
1295878800.8559742 -5.989637899304715 0.3642642597434089 0.0 0.0 0.0 -0.11261377790633359 0.993638836311093
1295878801.4569883 -5.684941315719026 0.2668608396358443 0.0 0.0 0.0 -0.09671617258266783 0.9953120023193529
1295878802.0069582 -5.385279137701232 0.2525536658300138 0.0 0.0 0.0 -0.0870315985754327 0.9962055515050118
1295878802.5079582 -5.306277304798482 0.16384754178628408 0.0 0.0 0.0 -0.08407045129023143 0.9964598131484564
1295878803.0089571 -5.049334587091397 0.15444292692859934 0.0 0.0 0.0 -0.07884960645640499 0.9968865229110433
1295878803.5099602 -4.745325351770653 0.1295683766364096 0.0 0.0 0.0 -0.18090461889829834 0.983500645074146
1295878804.0109613 -4.515220056614109 0.03771374834187394 0.0 0.0 0.0 -0.3275727059501191 0.9448259746199386
1295878804.5609462 -4.266591823035111 -0.1382672083438979 0.0 0.0 0.0 -0.4735178781952351 0.8807842068460825
1295878805.061952 -4.096973944646957 -0.34987419341631487 0.0 0.0 0.0 -0.5840663302231602 0.8117059331430628
1295878805.5629523 -3.9517029644223958 -0.5865709155128984 0.0 0.0 0.0 -0.6819690837383092 0.7313810011376636
1295878806.0639513 -3.868100818907456 -0.8398102159425559 0.0 0.0 0.0 -0.7745383657063971 0.6325269322715543
1295878806.6139412 -3.8392272926893627 -1.164079610478363 0.0 0.0 0.0 -0.8621748116264923 0.5066108903259214
1295878807.1149411 -3.9079791620650424 -1.3940017525903408 0.0 0.0 0.0 0.9235477508376777 -0.38348344413112123
1295878807.6159441 -4.050904589096795 -1.6048054995263161 0.0 0.0 0.0 0.9674215784996613 -0.25317087007241523
1295878808.1169453 -4.240832120616285 -1.7869729553879465 0.0 0.0 0.0 0.980289710731775 -0.19756538925989325
1295878808.6179483 -4.443201058723261 -1.9547739461584366 0.0 0.0 0.0 0.9799138929435335 -0.19942106813536314
1295878809.1679282 -4.7169224391356295 -2.192886488316969 0.0 0.0 0.0 0.9814104757387576 -0.1919204994528343
1295878809.6689281 -4.929971585870219 -2.373024417578596 0.0 0.0 0.0 0.9806362808806025 -0.19583790394267467
1295878810.1699333 -5.13179614488093 -2.5622703709816883 0.0 0.0 0.0 0.9794579634818515 -0.2016484509535936
1295878810.6709352 -5.3570532659824 -2.7261244512901235 0.0 0.0 0.0 0.9798588614242227 -0.1996912909678982
1295878811.2219331 -5.605004553946726 -2.880788367051373 0.0 0.0 0.0 0.9714389883077856 -0.23728946878347948
1295878811.7719193 -5.8419390302177385 -3.0316577314413755 0.0 0.0 0.0 0.9641555410707848 -0.2653376954420577
1295878812.2729201 -6.039460435313822 -3.1940454175405932 0.0 0.0 0.0 0.9470380462699592 -0.3211213772348061
1295878812.7739203 -6.243235266595466 -3.365956246123184 0.0 0.0 0.0 0.9420609533206002 -0.3354417389483336
1295878813.2749243 -6.435288685944627 -3.5253273171382506 0.0 0.0 0.0 0.9397689477642872 -0.3418103638247448
1295878813.824911 -6.675268936634438 -3.7336032495430267 0.0 0.0 0.0 0.9439558076038077 -0.33007186079858913
1295878814.3259091 -6.900734578556037 -3.880535410803348 0.0 0.0 0.0 0.9703020792503592 -0.24189641378579776
1295878814.8269193 -7.112146337905397 -3.9823882068472027 0.0 0.0 0.0 0.9894357697235402 -0.14497192001068884
1295878815.3279202 -7.40410741310984 -4.038500707654389 0.0 0.0 0.0 0.9992797348013737 -0.037947484966677984
1295878815.8779063 -7.704996524701227 -4.036269438388816 0.0 0.0 0.0 0.9967301525348073 0.08080224642879578
1295878816.3789113 -7.957828534522252 -3.983508743554611 0.0 0.0 0.0 0.9814478637442658 0.19172921204609653
1295878816.8799083 -8.169127617144243 -3.885309806514578 0.0 0.0 0.0 0.9575251263174183 0.2883498438890027
1295878817.3809083 -8.401209452714612 -3.7392538033425047 0.0 0.0 0.0 0.9565300772228876 0.29163369381464965
1295878817.9319062 -8.652319404650646 -3.5842261005112546 0.0 0.0 0.0 0.9607355893440781 0.27746554266734996
1295878818.4819062 -8.910803715008859 -3.43615377140557 0.0 0.0 0.0 0.9634611252864068 0.26784820339485327
1295878818.9828982 -9.149521153708031 -3.300158817079782 0.0 0.0 0.0 0.9647294797054914 0.2632432923878059
1295878819.4838982 -9.39213017929404 -3.17036873064487 0.0 0.0 0.0 0.9665596039065859 0.2564420638193817
1295878820.0338871 -9.676131646582173 -3.0040700443593145 0.0 0.0 0.0 0.9619677938517229 0.2731628883872207
1295878820.5348873 -9.892609954685653 -2.865391410480814 0.0 0.0 0.0 0.9532202965941123 0.30227647305245675
1295878821.0358891 -10.082869229196108 -2.732224262159743 0.0 0.0 0.0 0.9554679026885368 0.29509504728471614
1295878821.5368912 -10.302806461277896 -2.5996539059405857 0.0 0.0 0.0 0.9482416874882154 0.31754952701823025
1295878822.0868783 -10.550099276689403 -2.3788307701818887 0.0 0.0 0.0 0.9112714203627095 0.41180626322353336
1295878822.5878801 -10.714427362169149 -2.226731607441936 0.0 0.0 0.0 0.9137390678576397 0.40630150857540726
1295878823.0888832 -10.90251558146831 -2.011228199596102 0.0 0.0 0.0 0.9167271032657067 0.39951397740012323
1295878823.5898852 -11.096424239306081 -1.8052030329931694 0.0 0.0 0.0 0.9202355141064417 0.39136504516531995
1295878824.1398711 -11.289774824610754 -1.6481628691917531 0.0 0.0 0.0 0.9245866138926728 0.3809719063270697
1295878824.6408741 -11.470832722575638 -1.4771153030922872 0.0 0.0 0.0 0.9270904050275187 0.3748378061320807
1295878825.1418753 -11.673351061715998 -1.2909978739033412 0.0 0.0 0.0 0.9277333993081737 0.37324353953966943
1295878825.6428733 -11.885782800501977 -1.0746049956452646 0.0 0.0 0.0 0.9238681930199936 0.3827108071716447
1295878826.1928651 -12.061608800426088 -0.8973118293134015 0.0 0.0 0.0 0.9039215538555897 0.42769828673411386
1295878826.6938682 -12.253548185789262 -0.670956254527104 0.0 0.0 0.0 0.9030144242426285 0.4296102298709311
1295878827.1948721 -12.437790591306896 -0.4533922225959203 0.0 0.0 0.0 0.9061629044401217 0.4229288245280083
1295878827.695866 -12.61767750251064 -0.2589885368912336 0.0 0.0 0.0 0.9110732356683242 0.4122445381673967
1295878828.2458572 -12.82563520484301 -0.04498167258802585 0.0 0.0 0.0 0.9175272666179051 0.3976728743737444
1295878828.7468562 -13.014653162229799 0.13629327249300666 0.0 0.0 0.0 0.9224108135942151 0.38621016424280985
1295878829.2478583 -13.189877996873259 0.3221879156408445 0.0 0.0 0.0 0.9253821443152224 0.37903546929352294
1295878829.7978463 -13.394310026646822 0.5045218902011763 0.0 0.0 0.0 0.9290802842056319 0.36987812249494073
1295878830.2988443 -13.57730119302518 0.6740513098325094 0.0 0.0 0.0 0.908745997461585 0.41734962812676485
1295878830.7998533 -13.745688937522257 0.8817903995738852 0.0 0.0 0.0 0.8741054418564608 0.48573622112924786
1295878831.3008823 -13.885816424911168 1.1207084955843656 0.0 0.0 0.0 0.832505120986465 0.5540173494858364
1295878832.0518513 -14.011377874031052 1.4951205639139886 0.0 0.0 0.0 0.7571352537813161 0.6532581476579548
1295878832.6518362 -14.038682287113316 1.8339936810435618 0.0 0.0 0.0 0.6882261934909097 0.7254961795854014
1295878833.2528372 -14.0022617732041 2.1607066856603763 0.0 0.0 0.0 0.6107662121085231 0.7918109838506957
1295878833.7538412 -13.924867689708593 2.422924030025381 0.0 0.0 0.0 0.542071893725625 0.840332114126739
1295878834.2548442 -13.818594760604451 2.6739922600599617 0.0 0.0 0.0 0.5234531601160013 0.8520544519950424
1295878834.8048303 -13.696875305998205 2.937825707578059 0.0 0.0 0.0 0.5285151482915553 0.8489238705716522
1295878835.3058352 -13.576218266793447 3.1899543674296877 0.0 0.0 0.0 0.4909269272907846 0.8712007530189748
1295878835.8068392 -13.40896401837981 3.414883640614571 0.0 0.0 0.0 0.423227630707984 0.9060233841382386
1295878836.6578321 -13.086974960674988 3.7424752346921926 0.0 0.0 0.0 0.30489112024182213 0.9523872136886796
1295878837.1588342 -12.87467361103056 3.901081429009401 0.0 0.0 0.0 0.27233289549762174 0.9622030939619148
1295878837.70882 -12.616382529844017 4.06851616182785 0.0 0.0 0.0 0.27348052694031555 0.9618775397026627
1295878838.2098243 -12.398333376925962 4.214489466077177 0.0 0.0 0.0 0.2840790446169614 0.958800863792641
1295878839.0608172 -12.073684076439104 4.434498151051464 0.0 0.0 0.0 0.300853821109127 0.9536702670860812
1295878839.5618193 -11.963266449042935 4.525353942566597 0.0 0.0 0.0 0.3081944202301245 0.9513233936674833
1295878840.1628191 -11.704755448408292 4.732789064659329 0.0 0.0 0.0 0.2947900776911459 0.9555620388519251
1295878840.7128062 -11.446559543154914 4.869450249118969 0.0 0.0 0.0 0.14215908714327657 0.9898438230057256
1295878841.2138093 -11.188107065264989 4.904981223146082 0.0 0.0 0.0 -0.020972473879426235 0.9997800534814529
1295878841.7148063 -10.923611445881832 4.875815449366138 0.0 0.0 0.0 -0.18975143167510097 0.9818321619183441
1295878842.2658072 -10.680290295653759 4.749520434937219 0.0 0.0 0.0 -0.35791475435442704 0.9337542656477721
1295878842.8157992 -10.487642550939661 4.541296831845409 0.0 0.0 0.0 -0.4975102413224484 0.8674581026074281
1295878843.3168013 -10.366861440907634 4.339268398729496 0.0 0.0 0.0 -0.5048034397152412 0.8632343176980749
1295878843.8178053 -10.199268300092218 4.120191965433717 0.0 0.0 0.0 -0.3764140180636752 0.9264515567503566
1295878844.3677893 -9.96298846382796 3.9311930868669687 0.0 0.0 0.0 -0.29165078219162965 0.9565248670301314
1295878844.8688023 -9.762865173581215 3.7552707639940692 0.0 0.0 0.0 -0.3538818228971276 0.9352901450475174
1295878845.3698022 -9.57982772018386 3.5819355629808243 0.0 0.0 0.0 -0.3778240640280001 0.9258774090782027
1295878845.9197931 -9.329770645319305 3.402287605834791 0.0 0.0 0.0 -0.36702574857142395 0.930210782503399
1295878846.4207911 -9.155413456599991 3.231147858683545 0.0 0.0 0.0 -0.362405804739213 0.9320204035810179
1295878846.9217923 -8.96824971776207 3.0253426561201495 0.0 0.0 0.0 -0.4610242767584493 0.8873875231483418
1295878847.4717803 -8.802472898719007 2.791551992798698 0.0 0.0 0.0 -0.5538306182988755 0.8326293570579201
1295878847.9727833 -8.698440288744207 2.5368791081408126 0.0 0.0 0.0 -0.5490093518838803 0.8358162067967106
1295878848.4737873 -8.580674791558906 2.2980287725291095 0.0 0.0 0.0 -0.5432483666634506 0.8395720410527575
1295878849.0237732 -8.448893618565412 2.0218112948424 0.0 0.0 0.0 -0.5378367223890155 0.8430490258874872
1295878849.5247762 -8.34326093034202 1.8134002105593923 0.0 0.0 0.0 -0.5151756483164702 0.8570846232325631
1295878850.0257792 -8.186526436409695 1.5643671076554702 0.0 0.0 0.0 -0.4710285870835271 0.8821179457136649
1295878850.5757673 -8.015539761308524 1.3268567276986556 0.0 0.0 0.0 -0.4142109084295925 0.9101809289025626
1295878851.0767722 -7.821584180156841 1.1337811800497108 0.0 0.0 0.0 -0.3453269166299337 0.9384824562296638
1295878851.5777743 -7.603509478558592 0.9720709380740686 0.0 0.0 0.0 -0.2744369378402998 0.9616050993775144
1295878852.1277633 -7.326554862557891 0.8457253004552914 0.0 0.0 0.0 -0.20256525794530114 0.9792687661074224
1295878852.628765 -7.0710128821161735 0.7396583867212367 0.0 0.0 0.0 -0.23985503893513405 0.9708087145763707
1295878853.2797632 -6.765172935128419 0.5778455748159907 0.0 0.0 0.0 -0.21678745847580674 0.9762188268250107
1295878853.8307643 -6.482093956209696 0.4708016286768049 0.0 0.0 0.0 -0.16829295462483818 0.9857370244764281
1295878854.3807542 -6.202255876062735 0.3883692256415312 0.0 0.0 0.0 -0.10311533134867594 0.9946694066074682
1295878854.8817692 -5.942086421897387 0.336155387623972 0.0 0.0 0.0 -0.08522454812608106 0.9963617698390004
1295878855.3827593 -5.679832927160731 0.28262558855119113 0.0 0.0 0.0 -0.12118244969629136 0.9926302503377609
1295878855.8837533 -5.419499213996911 0.20692442566560332 0.0 0.0 0.0 -0.21480642631180746 0.9766566434603053
1295878856.4337482 -5.162813536441677 0.05644916637936731 0.0 0.0 0.0 -0.3286701901642935 0.9444447607443048
1295878857.0347521 -4.9347275466062674 -0.16064162923550576 0.0 0.0 0.0 -0.45570028409457225 0.8901332771423199
1295878857.6357453 -4.751146191554073 -0.4629662591084179 0.0 0.0 0.0 -0.5591605899185349 0.8290593674049863
1295878858.3857372 -4.609297784782211 -0.9762071605903011 0.0 0.0 0.0 -0.6832081993625875 0.7302236344598352
1295878858.8867452 -4.627605625750573 -1.3377947644376658 0.0 0.0 0.0 -0.7746819487324507 0.6323510720383834
1295878859.3877442 -4.709311131825058 -1.6815092415946116 0.0 0.0 0.0 -0.8541320218505717 0.5200562366220166
1295878859.9387443 -4.905202401765773 -2.0081236485336422 0.0 0.0 0.0 0.9096752144100546 -0.41532036344010537
1295878860.6387312 -5.230315369974609 -2.4026560041861478 0.0 0.0 0.0 0.9079204689753021 -0.41914248414550825
1295878861.2397301 -5.506087369099614 -2.725660741464782 0.0 0.0 0.0 0.9036810417071258 -0.4282062293558142
1295878861.7907321 -5.699599624534687 -2.9830209337033846 0.0 0.0 0.0 0.8988906396204782 -0.43817304572815474
1295878862.3917422 -5.938614929579663 -3.3065305006640964 0.0 0.0 0.0 0.891796260862761 -0.45243721013108373
1295878862.9917202 -6.201682661069681 -3.6599587043457986 0.0 0.0 0.0 0.916080504981431 -0.40099439945336707
1295878863.5927212 -6.53115530772858 -3.958696928831882 0.0 0.0 0.0 0.9479807297430227 -0.31832771798240583
1295878864.1937232 -6.888796608082502 -4.202574366984919 0.0 0.0 0.0 0.9744169540644166 -0.22474785790263854
1295878864.9947212 -7.4273924909136735 -4.388016829049694 0.0 0.0 0.0 0.9987298147255328 -0.050386081196130944
1295878865.5447083 -7.801951797886775 -4.3876061126873545 0.0 0.0 0.0 0.9957717175237463 0.09186232404968078
1295878866.1957111 -8.08616405177613 -4.298892388181968 0.0 0.0 0.0 0.9721330216532108 0.23442992174933217
1295878866.6967332 -8.20154622952986 -4.254274524175262 0.0 0.0 0.0 0.9599265594600299 0.2802516733995172
1295878867.1977143 -8.483783296205887 -4.067900360016445 0.0 0.0 0.0 0.9596948272274626 0.2810441933092568
1295878867.8477073 -8.803054572297556 -3.8850945637026784 0.0 0.0 0.0 0.96343802321101 0.26793128863807886
1295878868.3487012 -9.063166686540578 -3.7493703413208346 0.0 0.0 0.0 0.9656210720513629 0.25995373667323285
1295878868.8997052 -9.367291629915952 -3.5514002820844786 0.0 0.0 0.0 0.9341776056934501 0.3568083533507208
1295878869.4997032 -9.582272314654112 -3.2783684229571604 0.0 0.0 0.0 0.8305049626164832 0.55701122705866
1295878870.0007012 -9.655578507817419 -2.991052681340458 0.0 0.0 0.0 0.7096619095927545 0.7045423862857119
1295878870.5017002 -9.634030590830298 -2.733491546532586 0.0 0.0 0.0 0.5598475159073525 0.8285956546665971
1295878871.0516903 -9.501679709750302 -2.4669655730360014 0.0 0.0 0.0 0.49401210189920036 0.8694550265408407
1295878871.5526931 -9.37617185969559 -2.2259728878013716 0.0 0.0 0.0 0.4980137876513767 0.8671691111364204
1295878872.1026812 -9.23042809593544 -1.9721173861041585 0.0 0.0 0.0 0.5079704997278616 0.8613744664234171
1295878872.6036873 -9.103771812057683 -1.7281651934656537 0.0 0.0 0.0 0.5141750575579012 0.8576852628938711
1295878873.1046913 -8.986893318635527 -1.522613870838384 0.0 0.0 0.0 0.5028279754175816 0.8643865033290699
1295878873.654678 -8.820022644165649 -1.2347601397694157 0.0 0.0 0.0 0.4136772619471726 0.9104235953378462
1295878874.4556742 -8.481114687540073 -0.9093149272186106 0.0 0.0 0.0 0.3413322165424529 0.9399427205687675
1295878875.056682 -8.15268569469872 -0.6232829931557475 0.0 0.0 0.0 0.35012097415121574 0.9367044909999117
1295878875.6076791 -7.862789965949116 -0.3487344005057218 0.0 0.0 0.0 0.35922235206548886 0.9332520033605811
1295878876.2576783 -7.535622424864299 -0.06657733163041518 0.0 0.0 0.0 0.2474368952592329 0.9689040111716286
1295878876.8586693 -7.213327728997633 0.04396657450640672 0.0 0.0 0.0 0.06302527132583452 0.998011931378731
1295878877.4596713 -6.8841575283349865 0.08780051128043881 0.0 0.0 0.0 0.05506715414716764 0.998482653096253
1295878878.0106761 -6.584571881139192 0.13630332679091062 0.0 0.0 0.0 0.11035781601001977 0.9938919219137957
1295878878.6106572 -6.200241500589945 0.24653360269156688 0.0 0.0 0.0 0.12542934217321097 0.992102555244162
1295878879.2116592 -5.772112402322016 0.35042069980172275 0.0 0.0 0.0 0.08620922697867968 0.9962770544300107
1295878879.8626802 -5.406162497361227 0.34541987918275424 0.0 0.0 0.0 -0.10286717344010064 0.994695101339322
1295878880.4126482 -5.021834714874724 0.2723941004016474 0.0 0.0 0.0 -0.10607251294134667 0.9943583971578396
1295878880.9136543 -4.666304515230468 0.17373638427690527 0.0 0.0 0.0 -0.09371655180346719 0.995598919202943
1295878881.4146593 -4.287709803979047 0.09559840094306418 0.0 0.0 0.0 -0.08774911038236645 0.9961426070734567
1295878881.9646432 -3.885022437865409 0.03039619965816866 0.0 0.0 0.0 -0.07478816754337748 0.9971994434392268
1295878882.4656472 -3.609276484269895 0.006765055490985947 0.0 0.0 0.0 -0.02908059971107888 0.9995770699252979
1295878883.0166492 -3.3226314399866097 0.018069025807752256 0.0 0.0 0.0 0.09764755027056837 0.9952210588236952
1295878883.5666542 -3.025656792007947 0.0863000047245521 0.0 0.0 0.0 0.11812927736436016 0.9929982244845023
1295878884.0676441 -3.0192104682086054 -0.1807881930745581 0.0 0.0 0.0 0.08645542528580653 0.9962557199026013
1295878888.9726152 -2.776284742808646 -0.18743771386111358 0.0 0.0 0.0 0.10137464495845444 0.9948483207803828
1295878892.2766063 -2.595533669082914 -0.17037002920720098 0.0 0.0 0.0 0.14000314095386693 0.9901510594465128
1295878892.7776153 -2.4785539584514424 -0.15940726005793882 0.0 0.0 0.0 0.06276700087137044 0.9980282078186034
1295878894.379614 -2.2320289641164015 -0.1087374850004316 0.0 0.0 0.0 0.14206496486165965 0.989857336063564
1295878895.2295892 -2.1489400963390333 -0.07522630262901353 0.0 0.0 0.0 0.19029488728057153 0.9817269762387476
1295878896.6815972 -3.20546151878669 -0.46803373378996693 0.0 0.0 0.0 0.12270969630960225 0.9924426081298632
1295878897.9325833 -3.0341219291657096 -0.416936798921066 0.0 0.0 0.0 0.13138231921608554 0.99133177402795
1295878898.4335852 -2.93743461058006 -0.3798624528851262 0.0 0.0 0.0 0.13598115832433383 0.9907114234633476
1295878898.9345903 -2.8838436304526676 -0.36132658933073175 0.0 0.0 0.0 0.1331258490421989 0.9910991415175344
1295878899.4845822 -2.8243921499536273 -0.3389746008458689 0.0 0.0 0.0 0.11995001210170007 0.9927799326118564
1295878900.5355713 -2.505152666206295 -0.2510271755878973 0.0 0.0 0.0 0.1489993411490051 0.9888372951791222
1295878901.0365763 -2.322920712710632 -0.19811134445002007 0.0 0.0 0.0 0.1555810455065595 0.987823131071087
1295878901.6375823 -2.1274036833568406 -0.14354297317282966 0.0 0.0 0.0 0.11984256168120547 0.9927929091254059
1295878902.2375782 -1.9910489250821108 -0.11299103363730428 0.0 0.0 0.0 0.12319723510708366 0.9923822052324245
1295878902.7885723 -1.796719182699778 -0.06074814055078405 0.0 0.0 0.0 0.1251858353324324 0.9921333109175002
1295878903.3895702 -1.5974804188956244 -0.013252772319021978 0.0 0.0 0.0 0.13058607077244339 0.9914369763732914
1295878904.039554 -1.3388922988717444 0.05947596972083266 0.0 0.0 0.0 0.13643395402424816 0.9906491690751622
1295878904.5905643 -1.1967044280332564 0.09572194113370376 0.0 0.0 0.0 0.09651727470592009 0.9953313095062076
1295878905.1415672 -1.0379219414350853 0.12181268751757528 0.0 0.0 0.0 0.05408499950145164 0.9985363352572244
1295878905.6915603 -0.8737805871116731 0.14088572941101285 0.0 0.0 0.0 0.0410836000579422 0.9991557124924418
1295878906.1925602 -0.6768518159999626 0.15070442406445572 0.0 0.0 0.0 0.021419593911821667 0.999770574180223
1295878906.6925852 -0.479891439756026 0.14399633299741268 0.0 0.0 0.0 -0.050423330808786096 0.998727934780112
1295878907.1935632 -0.22415538685124003 0.13227429203736207 0.0 0.0 0.0 -0.08101952549420013 0.9967125144637718
1295878907.7435462 0.07383647442288077 0.0979860726389832 0.0 0.0 0.0 -0.0766705131408478 0.9970564840643278
1295878908.2945442 0.34100302972345675 0.06850875192652717 0.0 0.0 0.0 -0.06205894545656871 0.9980724859892786
1295878908.7955472 0.5891207132839928 0.027204668343789797 0.0 0.0 0.0 -0.05224864792792748 0.9986341065624104
1295878909.3455381 0.8792511018350158 0.008582373362500336 0.0 0.0 0.0 -0.04634647242057753 0.9989254248912521
1295878909.9465451 1.1622115177637893 0.009683518322870968 0.0 0.0 0.0 0.12943239132570325 0.9915882492626211
1295878910.7975433 1.163929884366609 -0.0714250756506043 0.0 0.0 0.0 0.2320917533410194 0.972693897395831
1295878911.3975272 1.0098817474574022 -0.21846565299148618 0.0 0.0 0.0 0.23141658746606913 0.9728547492023458
