1295878709.440211773 0.000000019 0.000000000 0.000000000 0.000000000 0.000000000 0.000000004 1.000000000
1295878711.440227985 0.000000225 0.000000000 0.000000000 0.000000000 0.000000000 -0.000000016 1.000000000
1295878713.440232277 -0.001434816 0.000000644 0.000000000 0.000000000 0.000000000 -0.047347659 0.998878471
1295878715.190230131 -0.248452441 0.324295294 0.000000000 0.000000000 0.000000000 0.750380144 0.661006535
1295878716.965231419 -0.320367452 0.401660702 0.000000000 0.000000000 0.000000000 0.955045303 0.296459895
1295878718.740230083 -0.859253523 0.599020571 0.000000000 0.000000000 0.000000000 0.995121727 0.098654693
1295878720.590222359 -1.492962076 0.698153321 0.000000000 0.000000000 0.000000000 0.997495283 0.070733016
1295878722.290247440 -2.054278878 0.819451535 0.000000000 0.000000000 0.000000000 0.999558507 0.029711808
1295878724.015219927 -2.758848538 0.910768887 0.000000000 0.000000000 0.000000000 -0.999611678 0.027865610
1295878725.765235662 -2.907990601 0.892287118 0.000000000 0.000000000 0.000000000 -0.999078149 0.042928444
1295878727.640219450 -2.909900000 0.896446172 0.000000000 0.000000000 0.000000000 -0.999306714 0.037230251
1295878729.615233898 -3.444782440 0.850201589 0.000000000 0.000000000 0.000000000 -0.998090979 0.061760812
1295878731.940226555 -4.268127157 0.654598770 0.000000000 0.000000000 0.000000000 -0.999572792 0.029227260
1295878734.265228748 -4.445483758 0.652036269 0.000000000 0.000000000 0.000000000 0.997520049 0.070382890
1295878736.740221024 -5.085154069 0.698637245 0.000000000 0.000000000 0.000000000 0.998618088 0.052553921
1295878739.315218449 -5.763946775 0.719864373 0.000000000 0.000000000 0.000000000 0.999462105 0.032794833
1295878741.890248299 -5.764652504 0.719910658 0.000000000 0.000000000 0.000000000 0.999441458 0.033418126
1295878744.515234232 -5.766319517 0.720019036 0.000000000 0.000000000 0.000000000 0.999516001 0.031108903
1295878747.165228844 -6.366789753 0.763390333 0.000000000 0.000000000 0.000000000 0.999976951 0.006789479
1295878749.765234709 -6.372348777 0.763479574 0.000000000 0.000000000 0.000000000 0.999943567 0.010623725
1295878752.490220785 -7.608759826 0.141245030 0.000000000 0.000000000 0.000000000 -0.999273062 0.038122803
1295878755.090240479 -8.792507109 0.066391035 0.000000000 0.000000000 0.000000000 -0.997034133 0.076960620
1295878757.640217781 -10.154632180 -0.354971658 0.000000000 0.000000000 0.000000000 -0.986479513 0.163884626
1295878760.165216923 -11.411636839 -0.165081313 0.000000000 0.000000000 0.000000000 0.971336928 0.237706904
1295878762.665235996 -12.360603608 0.746025820 0.000000000 0.000000000 0.000000000 0.899997502 0.435895051
1295878765.365215540 -13.020502170 1.777636272 0.000000000 0.000000000 0.000000000 0.807890776 0.589332244
1295878768.015253067 -13.477355299 3.602512194 0.000000000 0.000000000 0.000000000 0.757878869 0.652395294
1295878770.490212202 -13.680497824 4.889787861 0.000000000 0.000000000 0.000000000 0.768861922 0.639414846
1295878772.865231752 -14.004317879 5.738789893 0.000000000 0.000000000 0.000000000 0.789661388 0.613542902
1295878775.365235090 -14.383726241 7.026513335 0.000000000 0.000000000 0.000000000 0.719380327 0.694616401
1295878777.790212154 -14.341623545 8.393444331 0.000000000 0.000000000 0.000000000 0.731302461 0.682053304
1295878780.390237093 -13.589697012 9.416821712 0.000000000 0.000000000 0.000000000 0.212232657 0.977219167
1295878782.790234566 -12.144825305 9.740704749 0.000000000 0.000000000 0.000000000 -0.021227875 0.999774663
1295878785.365272522 -10.901482702 9.783872381 0.000000000 0.000000000 0.000000000 0.023709902 0.999718881
1295878788.015219927 -9.651245348 9.667480145 0.000000000 0.000000000 0.000000000 -0.051642556 0.998665633
1295878790.765233278 -8.593509180 8.784719627 0.000000000 0.000000000 0.000000000 -0.549058792 0.835783730
1295878793.440234184 -8.783221682 7.541250622 0.000000000 0.000000000 0.000000000 -0.733482252 0.679708604
1295878795.990223169 -8.842748579 5.962481095 0.000000000 0.000000000 0.000000000 -0.779492781 0.626411210
1295878798.690252542 -8.952531361 4.668719881 0.000000000 0.000000000 0.000000000 -0.731902585 0.681409280
1295878801.165240526 -8.529088881 3.442421354 0.000000000 0.000000000 0.000000000 -0.519828510 0.854270636
1295878803.465232134 -7.727379810 2.568300042 0.000000000 0.000000000 0.000000000 -0.403959017 0.914777083
1295878805.815218449 -7.047036340 1.847589616 0.000000000 0.000000000 0.000000000 -0.407809602 0.913066990
1295878808.390237570 -6.977725655 0.557340010 0.000000000 0.000000000 0.000000000 -0.873799010 0.486287251
1295878811.115235806 -7.912521457 0.239383171 0.000000000 0.000000000 0.000000000 0.997270950 0.073828528
1295878813.790215731 -9.551602149 0.096100801 0.000000000 0.000000000 0.000000000 0.998872876 0.047465536
1295878816.340222836 -10.997251254 -0.215988620 0.000000000 0.000000000 0.000000000 -0.996193623 0.087168034
1295878818.940226555 -12.121114312 0.194146874 0.000000000 0.000000000 0.000000000 0.908064972 0.418829328
1295878821.615221262 -12.573596096 1.438882658 0.000000000 0.000000000 0.000000000 0.865531948 0.500853718
1295878824.240220308 -13.477200882 2.969756298 0.000000000 0.000000000 0.000000000 0.830348555 0.557244360
1295878826.740216494 -13.827698987 4.446475483 0.000000000 0.000000000 0.000000000 0.799889892 0.600146782
1295878829.215214252 -14.022363070 5.584287709 0.000000000 0.000000000 0.000000000 0.747188507 0.664612169
1295878831.615215778 -14.406031853 7.003186775 0.000000000 0.000000000 0.000000000 0.790435192 0.612545678
1295878834.190218687 -14.350645815 8.261944899 0.000000000 0.000000000 0.000000000 0.620751339 0.784007510
1295878836.840236902 -13.476526377 9.174177180 0.000000000 0.000000000 0.000000000 0.269656375 0.962956614
1295878839.290221214 -12.272710389 9.604661601 0.000000000 0.000000000 0.000000000 0.024588036 0.999697669
1295878841.940234423 -10.949361609 9.594712017 0.000000000 0.000000000 0.000000000 0.025164454 0.999683325
1295878844.665227652 -9.859343791 9.055760585 0.000000000 0.000000000 0.000000000 -0.464879018 0.885374214
1295878847.290229321 -9.558781039 7.721583119 0.000000000 0.000000000 0.000000000 -0.540398022 0.841409518
1295878849.940214872 -9.304607254 6.287546000 0.000000000 0.000000000 0.000000000 -0.709523047 0.704682231
1295878852.615233898 -9.417238453 4.760891857 0.000000000 0.000000000 0.000000000 -0.712019227 0.702159968
1295878855.040211439 -8.710359766 3.646073654 0.000000000 0.000000000 0.000000000 -0.497125038 0.867678913
1295878857.415233612 -7.744461910 2.506831112 0.000000000 0.000000000 0.000000000 -0.346808774 0.937935858
1295878859.915240288 -7.617885336 1.573942399 0.000000000 0.000000000 0.000000000 -0.714625872 0.699506871
1295878862.565234423 -8.527407444 0.486466647 0.000000000 0.000000000 0.000000000 -0.983803208 0.179251912
1295878865.165234327 -10.383481848 -0.430711723 0.000000000 0.000000000 0.000000000 -0.982117470 0.188269157
1295878867.690237522 -12.003377898 -0.275500648 0.000000000 0.000000000 0.000000000 0.971159329 0.238431454
1295878870.365214586 -12.841401049 1.072804262 0.000000000 0.000000000 0.000000000 0.851376511 0.524555084
1295878873.315217972 -12.985416483 2.185096797 0.000000000 0.000000000 0.000000000 0.405005573 0.914314216
1295878876.140236139 -11.368884275 3.108719658 0.000000000 0.000000000 0.000000000 0.238900036 0.971044166
1295878878.665239811 -9.339239564 3.662168125 0.000000000 0.000000000 0.000000000 0.067999922 0.997685326
1295878881.015226841 -8.109038278 2.983160970 0.000000000 0.000000000 0.000000000 -0.136422244 0.990650782
1295878883.440233707 -6.785418695 2.178954128 0.000000000 0.000000000 0.000000000 -0.337927924 0.941171992
1295878885.615206957 -5.514488434 1.338484724 0.000000000 0.000000000 0.000000000 -0.140227645 0.990119290
1295878887.565220594 -5.072108154 1.319601177 0.000000000 0.000000000 0.000000000 -0.054052397 0.998538101
1295878889.615234852 -5.040636593 1.301248660 0.000000000 0.000000000 0.000000000 -0.063651825 0.997972167
1295878891.715241432 -4.931509589 1.076318170 0.000000000 0.000000000 0.000000000 -0.129163574 0.991623301
1295878893.740240097 -4.925437205 1.073868367 0.000000000 0.000000000 0.000000000 -0.061330933 0.998117486
1295878895.665210724 -4.610528865 0.913729529 0.000000000 0.000000000 0.000000000 -0.094925332 0.995484395
1295878897.665261030 -4.355056363 0.933810816 0.000000000 0.000000000 0.000000000 0.007673178 0.999970561
1295878899.740224361 -4.087014746 0.960689661 0.000000000 0.000000000 0.000000000 0.040115221 0.999195061
1295878901.890228033 -3.686670839 0.972160715 0.000000000 0.000000000 0.000000000 0.054384259 0.998520081
1295878904.240234137 -2.946967232 0.957075714 0.000000000 0.000000000 0.000000000 0.043673891 0.999045840
1295878906.590226650 -2.139271630 1.091166836 0.000000000 0.000000000 0.000000000 0.054071446 0.998537069
1295878908.990224838 -1.314063561 0.969815893 0.000000000 0.000000000 0.000000000 -0.094823951 0.995494057
1295878911.390228510 -0.234614415 0.690028149 0.000000000 0.000000000 0.000000000 -0.095327736 0.995445942
1295878913.690216303 0.118692854 0.503415619 0.000000000 0.000000000 0.000000000 0.194081136 0.980985480
1295878915.990247011 0.122501819 0.504994804 0.000000000 0.000000000 0.000000000 0.193955171 0.981010393
1295878918.315220118 0.122436784 0.504955229 0.000000000 0.000000000 0.000000000 0.193367347 0.981126429
1295878920.690217972 0.124396458 0.505764692 0.000000000 0.000000000 0.000000000 0.193484832 0.981103267
1295878923.240237951 0.124041815 0.505615898 0.000000000 0.000000000 0.000000000 0.192230118 0.981349877
1295878924.390223503 0.123582296 0.505422716 0.000000000 0.000000000 0.000000000 0.191587212 0.981475593
